1  4 1 
1  4 1 
1  5 0 
1  5 1 
1  5 0 
1  5 0 
1  4 1 
1  4 0 
1  4 0 
1  3 1 
1  3 1 
1  4 1 
1  4 1 
1  5 0 
1  5 0 
1  4 1 
2  4 1 
2  4 1 
2  5 0 
2  5 1 
2  5 1 
2  6 0 
2  6 0 
2  5 0 
2  5 0 
2  4 1 
2  4 0 
2  4 1 
2  4 1 
2  5 0 
2  5 1 
2  5 0 
3  4 1 
3  4 1 
3  5 0 
3  5 0 
3  4 1 
3  4 1 
3  5 0 
3  5 0 
3  4 1 
3  4 1 
3  5 0 
3  5 1 
3  5 0 
3  5 0 
3  4 1 
3  4 1 
4  4 1 
4  4 1 
4  5 0 
4  5 0 
4  4 1 
4  4 1 
4  5 1 
4  5 0 
4  5 0 
4  4 1 
4  4 1 
4  5 0 
4  5 0 
4  4 1 
4  4 1 
4  5 1 
5  4 1 
5  4 1 
5  5 1 
5  5 1 
5  6 0 
5  6 0 
5  5 1 
5  5 1 
5  6 0 
5  6 0 
5  5 1 
5  5 1 
5  6 0 
5  6 1 
5  6 0 
5  6 0 
6  4 1 
6  4 1 
6  5 0 
6  5 1 
6  5 0 
6  5 1 
6  5 1 
6  6 0 
6  6 0 
6  5 1 
6  5 1 
6  6 0 
6  6 0 
6  5 1 
6  5 1 
6  6 0 
7  4 1 
7  4 1 
7  5 1 
7  5 0 
7  5 1 
7  5 1 
7  6 0 
7  6 0 
7  5 1 
7  5 1 
7  6 1 
7  6 0 
7  6 0 
7  5 1 
7  5 1 
7  6 0 
8  4 1 
8  4 1 
8  5 1 
8  5 1 
8  6 0 
8  6 0 
8  5 1 
8  5 0 
8  5 1 
8  5 1 
8  6 0 
8  6 0 
8  5 0 
8  5 1 
8  5 1 
8  6 1 
9  4 1 
9  4 1 
9  5 1 
9  5 1 
9  6 0 
9  6 0 
9  5 1 
9  5 0 
9  5 1 
9  5 1 
9  6 1 
9  6 0 
9  6 0 
9  5 1 
9  5 1 
9  6 0 
10  4 1 
10  4 1 
10  5 1 
10  5 1 
10  6 1 
10  6 1 
10  7 0 
10  7 0 
10  6 0 
10  6 0 
10  5 1 
10  5 1 
10  6 0 
10  6 0 
10  5 1 
10  5 1 
11  4 1 
11  4 1 
11  5 1 
11  5 1 
11  6 1 
11  6 0 
11  6 0 
11  5 1 
11  5 0 
11  5 0 
11  4 1 
11  4 1 
11  5 1 
11  5 1 
11  6 0 
11  6 0 
12  4 1 
12  4 1 
12  5 0 
12  5 1 
12  5 1 
12  6 0 
12  6 0 
12  5 1 
12  5 1 
12  6 1 
12  6 1 
12  7 0 
12  7 0 
12  6 1 
12  6 1 
12  7 0 
13  4 1 
13  4 1 
13  5 1 
13  5 1 
13  6 0 
13  6 1 
13  6 1 
13  7 0 
13  7 0 
13  6 0 
13  6 0 
13  5 1 
13  5 1 
13  6 1 
13  6 0 
13  6 1 
14  4 1 
14  4 1 
14  5 1 
14  5 1 
14  6 0 
14  6 1 
14  6 1 
14  7 0 
14  7 0 
14  6 0 
14  6 0 
14  5 1 
14  5 1 
14  6 0 
14  6 0 
14  5 1 
15  4 1 
15  4 1 
15  5 1 
15  5 1 
15  6 0 
15  6 1 
15  6 0 
15  6 1 
15  6 0 
15  6 0 
15  5 1 
15  5 1 
15  6 1 
15  6 0 
15  6 1 
15  6 0 
16  4 1 
16  4 1 
16  5 1 
16  5 1 
16  6 0 
16  6 0 
16  5 1 
16  5 1 
16  6 0 
16  6 0 
16  5 1 
16  5 1 
16  6 0 
16  6 0 
16  5 1 
16  5 0 
17  4 1 
17  4 1 
17  5 1 
17  5 1 
17  6 0 
17  6 1 
17  6 0 
17  6 0 
17  5 1 
17  5 1 
17  6 0 
17  6 0 
17  5 1 
17  5 1 
17  6 0 
17  6 1 
18  4 1 
18  4 1 
18  5 1 
18  5 1 
18  6 1 
18  6 0 
18  6 0 
18  5 1 
18  5 1 
18  6 1 
18  6 1 
18  7 0 
18  7 0 
18  6 0 
18  6 1 
18  6 1 
19  4 1 
19  4 1 
19  5 1 
19  5 1 
19  6 1 
19  6 1 
19  7 0 
19  7 0 
19  6 1 
19  6 1 
19  7 1 
19  7 0 
19  7 0 
19  6 1 
19  6 1 
19  7 0 
20  4 1 
20  4 1 
20  5 1 
20  5 1 
20  6 1 
20  6 1 
20  7 0 
20  7 1 
20  7 1 
20  8 0 
20  8 0 
20  7 1 
20  7 0 
20  7 1 
20  7 1 
20  8 0 
1  4 1 
1  4 1 
1  5 0 
1  5 1 
1  5 0 
1  5 0 
1  4 1 
1  4 1 
1  5 0 
1  5 0 
1  4 1 
1  4 1 
1  5 1 
1  5 0 
1  5 1 
1  5 1 
2  4 1 
2  4 1 
2  5 1 
2  5 0 
2  5 1 
2  5 0 
2  5 0 
2  4 1 
2  4 1 
2  5 0 
2  5 0 
2  4 1 
2  4 1 
2  5 1 
2  5 1 
2  6 0 
3  4 0 
3  4 1 
3  4 1 
3  5 0 
3  5 1 
3  5 1 
3  6 0 
3  6 0 
3  5 1 
3  5 1 
3  6 0 
3  6 0 
3  5 0 
3  5 0 
3  4 1 
3  4 1 
4  4 1 
4  4 1 
4  5 0 
4  5 0 
4  4 1 
4  4 1 
4  5 1 
4  5 0 
4  5 1 
4  5 0 
4  5 0 
4  4 1 
4  4 1 
4  5 1 
4  5 0 
4  5 0 
5  4 1 
5  4 1 
5  5 1 
5  5 0 
5  5 1 
5  5 0 
5  5 1 
5  5 0 
5  5 0 
5  4 1 
5  4 1 
5  5 1 
5  5 0 
5  5 1 
5  5 1 
5  6 0 
6  4 0 
6  4 1 
6  4 1 
6  5 0 
6  5 1 
6  5 1 
6  6 0 
6  6 0 
6  5 0 
6  5 1 
6  5 1 
6  6 0 
6  6 1 
6  6 0 
6  6 0 
6  5 1 
7  4 1 
7  4 1 
7  5 1 
7  5 1 
7  6 0 
7  6 0 
7  5 1 
7  5 1 
7  6 0 
7  6 0 
7  5 1 
7  5 1 
7  6 1 
7  6 0 
7  6 0 
7  5 1 
8  4 1 
8  4 1 
8  5 1 
8  5 1 
8  6 0 
8  6 0 
8  5 1 
8  5 1 
8  6 0 
8  6 1 
8  6 0 
8  6 0 
8  5 0 
8  5 1 
8  5 1 
8  6 0 
9  4 1 
9  4 1 
9  5 1 
9  5 1 
9  6 0 
9  6 1 
9  6 0 
9  6 1 
9  6 0 
9  6 0 
9  5 1 
9  5 1 
9  6 0 
9  6 0 
9  5 1 
9  5 1 
10  4 1 
10  4 1 
10  5 1 
10  5 1 
10  6 1 
10  6 0 
10  6 0 
10  5 1 
10  5 1 
10  6 0 
10  6 0 
10  5 1 
10  5 1 
10  6 0 
10  6 1 
10  6 1 
11  4 1 
11  4 1 
11  5 1 
11  5 1 
11  6 0 
11  6 0 
11  5 1 
11  5 1 
11  6 1 
11  6 0 
11  6 1 
11  6 1 
11  7 0 
11  7 0 
11  6 0 
11  6 1 
12  4 1 
12  4 1 
12  5 1 
12  5 1 
12  6 1 
12  6 1 
12  7 0 
12  7 0 
12  6 1 
12  6 0 
12  6 1 
12  6 0 
12  6 1 
12  6 0 
12  6 0 
12  5 1 
13  4 1 
13  4 1 
13  5 1 
13  5 0 
13  5 1 
13  5 0 
13  5 1 
13  5 1 
13  6 0 
13  6 1 
13  6 0 
13  6 0 
13  5 1 
13  5 1 
13  6 0 
13  6 0 
14  4 1 
14  4 1 
14  5 1 
14  5 1 
14  6 0 
14  6 1 
14  6 1 
14  7 0 
14  7 0 
14  6 0 
14  6 1 
14  6 1 
14  7 0 
14  7 0 
14  6 0 
14  6 0 
15  4 1 
15  4 1 
15  5 1 
15  5 1 
15  6 0 
15  6 0 
15  5 1 
15  5 1 
15  6 1 
15  6 0 
15  6 0 
15  5 1 
15  5 1 
15  6 0 
15  6 0 
15  5 1 
16  4 1 
16  4 1 
16  5 1 
16  5 1 
16  6 1 
16  6 0 
16  6 0 
16  5 1 
16  5 1 
16  6 0 
16  6 0 
16  5 1 
16  5 1 
16  6 1 
16  6 0 
16  6 1 
17  4 1 
17  4 1 
17  5 1 
17  5 1 
17  6 0 
17  6 1 
17  6 1 
17  7 0 
17  7 1 
17  7 0 
17  7 0 
17  6 0 
17  6 0 
17  5 1 
17  5 1 
17  6 1 
18  4 1 
18  4 1 
18  5 1 
18  5 1 
18  6 1 
18  6 0 
18  6 1 
18  6 1 
18  7 0 
18  7 1 
18  7 0 
18  7 1 
18  7 1 
18  8 0 
18  8 0 
18  7 1 
19  4 1 
19  4 1 
19  5 1 
19  5 1 
19  6 0 
19  6 1 
19  6 0 
19  6 1 
19  6 1 
19  7 1 
19  7 1 
19  8 0 
19  8 0 
19  7 0 
19  7 1 
19  7 1 
20  4 1 
20  4 1 
20  5 1 
20  5 1 
20  6 1 
20  6 1 
20  7 1 
20  7 1 
20  8 0 
20  8 0 
20  7 0 
20  7 1 
20  7 0 
20  7 1 
20  7 1 
20  8 0 
1  4 1 
1  4 1 
1  5 0 
1  5 1 
1  5 1 
1  6 0 
1  6 0 
1  5 0 
1  5 0 
1  4 0 
1  4 1 
1  4 1 
1  5 1 
1  5 0 
1  5 1 
1  5 1 
2  4 1 
2  4 1 
2  5 0 
2  5 0 
2  4 1 
2  4 1 
2  5 0 
2  5 0 
2  4 1 
2  4 1 
2  5 0 
2  5 0 
2  4 1 
2  4 1 
2  5 1 
2  5 1 
3  4 1 
3  4 1 
3  5 1 
3  5 1 
3  6 0 
3  6 0 
3  5 1 
3  5 0 
3  5 0 
3  4 1 
3  4 1 
3  5 0 
3  5 1 
3  5 0 
3  5 0 
3  4 1 
4  4 1 
4  4 1 
4  5 1 
4  5 1 
4  6 0 
4  6 0 
4  5 0 
4  5 1 
4  5 0 
4  5 0 
4  4 1 
4  4 1 
4  5 1 
4  5 0 
4  5 0 
4  4 1 
5  4 1 
5  4 1 
5  5 1 
5  5 1 
5  6 1 
5  6 0 
5  6 0 
5  5 1 
5  5 1 
5  6 1 
5  6 0 
5  6 1 
5  6 0 
5  6 0 
5  5 0 
5  5 1 
6  4 1 
6  4 1 
6  5 1 
6  5 0 
6  5 1 
6  5 1 
6  6 0 
6  6 1 
6  6 0 
6  6 0 
6  5 1 
6  5 1 
6  6 0 
6  6 0 
6  5 1 
6  5 1 
7  4 1 
7  4 1 
7  5 1 
7  5 1 
7  6 0 
7  6 0 
7  5 1 
7  5 1 
7  6 0 
7  6 1 
7  6 0 
7  6 1 
7  6 0 
7  6 1 
7  6 0 
7  6 1 
8  4 1 
8  4 1 
8  5 1 
8  5 1 
8  6 0 
8  6 0 
8  5 1 
8  5 1 
8  6 0 
8  6 0 
8  5 1 
8  5 1 
8  6 1 
8  6 0 
8  6 1 
8  6 0 
9  4 1 
9  4 1 
9  5 1 
9  5 1 
9  6 0 
9  6 1 
9  6 1 
9  7 0 
9  7 0 
9  6 1 
9  6 0 
9  6 0 
9  5 1 
9  5 0 
9  5 0 
9  4 1 
10  4 1 
10  4 1 
10  5 1 
10  5 1 
10  6 1 
10  6 0 
10  6 1 
10  6 0 
10  6 0 
10  5 1 
10  5 1 
10  6 0 
10  6 0 
10  5 1 
10  5 1 
10  6 0 
11  4 1 
11  4 1 
11  5 1 
11  5 1 
11  6 0 
11  6 1 
11  6 1 
11  7 0 
11  7 0 
11  6 0 
11  6 0 
11  5 1 
11  5 1 
11  6 1 
11  6 0 
11  6 0 
12  4 1 
12  4 1 
12  5 1 
12  5 1 
12  6 0 
12  6 0 
12  5 1 
12  5 1 
12  6 0 
12  6 0 
12  5 1 
12  5 1 
12  6 1 
12  6 0 
12  6 1 
12  6 1 
13  4 1 
13  4 1 
13  5 1 
13  5 0 
13  5 1 
13  5 1 
13  6 1 
13  6 0 
13  6 1 
13  6 0 
13  6 0 
13  5 1 
13  5 1 
13  6 1 
13  6 0 
13  6 0 
14  4 1 
14  4 1 
14  5 1 
14  5 0 
14  5 1 
14  5 1 
14  6 0 
14  6 0 
14  5 1 
14  5 1 
14  6 0 
14  6 0 
14  5 1 
14  5 1 
14  6 1 
14  6 1 
15  4 1 
15  4 1 
15  5 1 
15  5 1 
15  6 0 
15  6 0 
15  5 1 
15  5 0 
15  5 1 
15  5 1 
15  6 0 
15  6 0 
15  5 1 
15  5 1 
15  6 0 
15  6 0 
16  4 1 
16  4 1 
16  5 1 
16  5 1 
16  6 1 
16  6 0 
16  6 0 
16  5 1 
16  5 1 
16  6 0 
16  6 0 
16  5 1 
16  5 1 
16  6 1 
16  6 0 
16  6 0 
17  4 1 
17  4 1 
17  5 1 
17  5 1 
17  6 1 
17  6 1 
17  7 0 
17  7 0 
17  6 0 
17  6 1 
17  6 1 
17  7 0 
17  7 0 
17  6 1 
17  6 1 
17  7 0 
18  4 1 
18  4 1 
18  5 1 
18  5 1 
18  6 1 
18  6 1 
18  7 1 
18  7 0 
18  7 0 
18  6 1 
18  6 0 
18  6 1 
18  6 1 
18  7 0 
18  7 0 
18  6 1 
19  4 1 
19  4 1 
19  5 1 
19  5 1 
19  6 1 
19  6 1 
19  7 0 
19  7 0 
19  6 1 
19  6 1 
19  7 1 
19  7 0 
19  7 0 
19  6 1 
19  6 1 
19  7 1 
20  4 1 
20  4 1 
20  5 1 
20  5 1 
20  6 1 
20  6 1 
20  7 1 
20  7 0 
20  7 0 
20  6 1 
20  6 1 
20  7 1 
20  7 1 
20  8 0 
20  8 0 
20  7 0 
1  4 1 
1  4 1 
1  5 0 
1  5 0 
1  4 1 
1  4 1 
1  5 0 
1  5 1 
1  5 0 
1  5 0 
1  4 1 
1  4 1 
1  5 1 
1  5 0 
1  5 1 
1  5 0 
2  4 1 
2  4 1 
2  5 0 
2  5 0 
2  4 1 
2  4 0 
2  4 0 
2  3 1 
2  3 1 
2  4 1 
2  4 1 
2  5 1 
2  5 0 
2  5 0 
2  4 1 
2  4 1 
3  4 1 
3  4 1 
3  5 0 
3  5 0 
3  4 1 
3  4 1 
3  5 0 
3  5 0 
3  4 1 
3  4 0 
3  4 1 
3  4 0 
3  4 1 
3  4 1 
3  5 1 
3  5 0 
4  4 1 
4  4 1 
4  5 0 
4  5 0 
4  4 1 
4  4 1 
4  5 0 
4  5 1 
4  5 0 
4  5 1 
4  5 1 
4  6 0 
4  6 0 
4  5 0 
4  5 1 
4  5 1 
5  4 1 
5  4 1 
5  5 1 
5  5 1 
5  6 1 
5  6 0 
5  6 1 
5  6 0 
5  6 0 
5  5 0 
5  5 1 
5  5 0 
5  5 1 
5  5 0 
5  5 1 
5  5 1 
6  4 1 
6  4 1 
6  5 0 
6  5 1 
6  5 1 
6  6 0 
6  6 0 
6  5 1 
6  5 1 
6  6 0 
6  6 0 
6  5 1 
6  5 1 
6  6 0 
6  6 0 
6  5 0 
7  4 1 
7  4 1 
7  5 1 
7  5 1 
7  6 0 
7  6 0 
7  5 1 
7  5 1 
7  6 1 
7  6 0 
7  6 0 
7  5 1 
7  5 0 
7  5 1 
7  5 1 
7  6 0 
8  4 1 
8  4 1 
8  5 0 
8  5 1 
8  5 1 
8  6 1 
8  6 0 
8  6 0 
8  5 1 
8  5 1 
8  6 0 
8  6 1 
8  6 0 
8  6 1 
8  6 1 
8  7 0 
9  4 1 
9  4 1 
9  5 1 
9  5 1 
9  6 0 
9  6 0 
9  5 1 
9  5 1 
9  6 0 
9  6 0 
9  5 1 
9  5 1 
9  6 0 
9  6 0 
9  5 1 
9  5 1 
10  4 1 
10  4 1 
10  5 1 
10  5 1 
10  6 0 
10  6 0 
10  5 1 
10  5 1 
10  6 0 
10  6 1 
10  6 0 
10  6 0 
10  5 1 
10  5 1 
10  6 0 
10  6 0 
11  4 1 
11  4 1 
11  5 1 
11  5 1 
11  6 0 
11  6 1 
11  6 1 
11  7 0 
11  7 0 
11  6 0 
11  6 1 
11  6 0 
11  6 1 
11  6 0 
11  6 1 
11  6 0 
12  4 1 
12  4 1 
12  5 1 
12  5 1 
12  6 0 
12  6 1 
12  6 0 
12  6 0 
12  5 0 
12  5 1 
12  5 1 
12  6 0 
12  6 0 
12  5 1 
12  5 1 
12  6 0 
13  4 1 
13  4 1 
13  5 1 
13  5 1 
13  6 1 
13  6 1 
13  7 0 
13  7 0 
13  6 0 
13  6 0 
13  5 1 
13  5 0 
13  5 1 
13  5 1 
13  6 1 
13  6 1 
14  4 1 
14  4 1 
14  5 1 
14  5 1 
14  6 0 
14  6 0 
14  5 1 
14  5 1 
14  6 0 
14  6 0 
14  5 1 
14  5 1 
14  6 1 
14  6 1 
14  7 0 
14  7 0 
15  4 1 
15  4 1 
15  5 1 
15  5 1 
15  6 0 
15  6 0 
15  5 1 
15  5 1 
15  6 1 
15  6 0 
15  6 1 
15  6 1 
15  7 0 
15  7 1 
15  7 0 
15  7 0 
16  4 1 
16  4 1 
16  5 1 
16  5 1 
16  6 0 
16  6 0 
16  5 1 
16  5 1 
16  6 0 
16  6 0 
16  5 1 
16  5 1 
16  6 0 
16  6 0 
16  5 1 
16  5 1 
17  4 1 
17  4 1 
17  5 1 
17  5 1 
17  6 0 
17  6 0 
17  5 0 
17  5 1 
17  5 1 
17  6 1 
17  6 1 
17  7 0 
17  7 0 
17  6 0 
17  6 0 
17  5 1 
18  4 1 
18  4 1 
18  5 1 
18  5 1 
18  6 1 
18  6 1 
18  7 1 
18  7 0 
18  7 0 
18  6 1 
18  6 0 
18  6 1 
18  6 1 
18  7 1 
18  7 0 
18  7 0 
19  4 1 
19  4 1 
19  5 1 
19  5 1 
19  6 1 
19  6 1 
19  7 0 
19  7 0 
19  6 1 
19  6 1 
19  7 0 
19  7 0 
19  6 1 
19  6 1 
19  7 1 
19  7 1 
20  4 1 
20  4 1 
20  5 1 
20  5 1 
20  6 1 
20  6 1 
20  7 0 
20  7 0 
20  6 1 
20  6 1 
20  7 1 
20  7 1 
20  8 0 
20  8 0 
20  7 1 
20  7 0 
1  4 1 
1  4 1 
1  5 0 
1  5 1 
1  5 1 
1  6 0 
1  6 0 
1  5 0 
1  5 1 
1  5 1 
1  6 0 
1  6 0 
1  5 1 
1  5 0 
1  5 0 
1  4 1 
2  4 1 
2  4 1 
2  5 1 
2  5 0 
2  5 1 
2  5 0 
2  5 0 
2  4 1 
2  4 1 
2  5 0 
2  5 1 
2  5 0 
2  5 1 
2  5 0 
2  5 0 
2  4 1 
3  4 1 
3  4 1 
3  5 1 
3  5 1 
3  6 0 
3  6 0 
3  5 0 
3  5 1 
3  5 0 
3  5 0 
3  4 1 
3  4 1 
3  5 0 
3  5 0 
3  4 1 
3  4 1 
4  4 0 
4  4 1 
4  4 1 
4  5 1 
4  5 1 
4  6 0 
4  6 0 
4  5 0 
4  5 0 
4  4 1 
4  4 1 
4  5 0 
4  5 1 
4  5 1 
4  6 0 
4  6 0 
5  4 1 
5  4 1 
5  5 1 
5  5 0 
5  5 0 
5  4 1 
5  4 1 
5  5 1 
5  5 1 
5  6 0 
5  6 1 
5  6 0 
5  6 1 
5  6 0 
5  6 0 
5  5 0 
6  4 1 
6  4 1 
6  5 1 
6  5 1 
6  6 1 
6  6 0 
6  6 0 
6  5 1 
6  5 1 
6  6 0 
6  6 0 
6  5 1 
6  5 1 
6  6 1 
6  6 1 
6  7 0 
7  4 1 
7  4 1 
7  5 1 
7  5 0 
7  5 0 
7  4 1 
7  4 1 
7  5 1 
7  5 1 
7  6 1 
7  6 0 
7  6 0 
7  5 1 
7  5 1 
7  6 0 
7  6 0 
8  4 1 
8  4 1 
8  5 1 
8  5 1 
8  6 1 
8  6 1 
8  7 0 
8  7 0 
8  6 0 
8  6 1 
8  6 1 
8  7 0 
8  7 0 
8  6 0 
8  6 0 
8  5 1 
9  4 1 
9  4 1 
9  5 0 
9  5 1 
9  5 1 
9  6 0 
9  6 1 
9  6 0 
9  6 0 
9  5 1 
9  5 1 
9  6 0 
9  6 0 
9  5 1 
9  5 0 
9  5 0 
10  4 1 
10  4 1 
10  5 1 
10  5 1 
10  6 0 
10  6 1 
10  6 0 
10  6 0 
10  5 1 
10  5 1 
10  6 0 
10  6 1 
10  6 1 
10  7 0 
10  7 0 
10  6 1 
11  4 1 
11  4 1 
11  5 0 
11  5 1 
11  5 1 
11  6 0 
11  6 0 
11  5 0 
11  5 1 
11  5 1 
11  6 1 
11  6 0 
11  6 1 
11  6 0 
11  6 0 
11  5 1 
12  4 1 
12  4 1 
12  5 0 
12  5 1 
12  5 1 
12  6 0 
12  6 1 
12  6 1 
12  7 0 
12  7 0 
12  6 0 
12  6 1 
12  6 0 
12  6 0 
12  5 1 
12  5 1 
13  4 1 
13  4 1 
13  5 1 
13  5 1 
13  6 1 
13  6 0 
13  6 0 
13  5 1 
13  5 1 
13  6 1 
13  6 0 
13  6 1 
13  6 0 
13  6 0 
13  5 1 
13  5 1 
14  4 1 
14  4 1 
14  5 1 
14  5 1 
14  6 0 
14  6 1 
14  6 0 
14  6 1 
14  6 1 
14  7 0 
14  7 0 
14  6 0 
14  6 1 
14  6 1 
14  7 0 
14  7 0 
15  4 1 
15  4 1 
15  5 1 
15  5 1 
15  6 0 
15  6 0 
15  5 1 
15  5 0 
15  5 1 
15  5 1 
15  6 0 
15  6 1 
15  6 0 
15  6 1 
15  6 0 
15  6 1 
16  4 1 
16  4 1 
16  5 1 
16  5 1 
16  6 0 
16  6 0 
16  5 1 
16  5 1 
16  6 0 
16  6 0 
16  5 1 
16  5 1 
16  6 0 
16  6 1 
16  6 0 
16  6 0 
17  4 1 
17  4 1 
17  5 0 
17  5 1 
17  5 1 
17  6 1 
17  6 1 
17  7 0 
17  7 0 
17  6 1 
17  6 1 
17  7 0 
17  7 0 
17  6 0 
17  6 0 
17  5 1 
18  4 1 
18  4 1 
18  5 1 
18  5 1 
18  6 1 
18  6 1 
18  7 1 
18  7 0 
18  7 1 
18  7 1 
18  8 0 
18  8 0 
18  7 0 
18  7 0 
18  6 1 
18  6 1 
19  4 1 
19  4 1 
19  5 1 
19  5 1 
19  6 1 
19  6 1 
19  7 1 
19  7 1 
19  8 0 
19  8 0 
19  7 1 
19  7 1 
19  8 0 
19  8 1 
19  8 0 
19  8 0 
20  4 1 
20  4 1 
20  5 1 
20  5 1 
20  6 1 
20  6 0 
20  6 1 
20  6 1 
20  7 1 
20  7 0 
20  7 1 
20  7 0 
20  7 1 
20  7 1 
20  8 0 
20  8 1 
1  4 1 
1  4 1 
1  5 1 
1  5 0 
1  5 1 
1  5 0 
1  5 0 
1  4 1 
1  4 1 
1  5 1 
1  5 0 
1  5 0 
1  4 1 
1  4 1 
1  5 0 
1  5 0 
2  4 1 
2  4 1 
2  5 0 
2  5 0 
2  4 1 
2  4 1 
2  5 1 
2  5 1 
2  6 0 
2  6 0 
2  5 0 
2  5 1 
2  5 1 
2  6 0 
2  6 0 
2  5 0 
3  4 1 
3  4 1 
3  5 0 
3  5 1 
3  5 0 
3  5 0 
3  4 1 
3  4 1 
3  5 0 
3  5 1 
3  5 0 
3  5 1 
3  5 0 
3  5 1 
3  5 0 
3  5 0 
4  4 0 
4  4 1 
4  4 1 
4  5 0 
4  5 1 
4  5 0 
4  5 0 
4  4 1 
4  4 1 
4  5 0 
4  5 0 
4  4 1 
4  4 1 
4  5 0 
4  5 1 
4  5 1 
5  4 1 
5  4 1 
5  5 0 
5  5 1 
5  5 0 
5  5 1 
5  5 1 
5  6 0 
5  6 0 
5  5 1 
5  5 1 
5  6 0 
5  6 1 
5  6 0 
5  6 0 
5  5 1 
6  4 1 
6  4 1 
6  5 1 
6  5 1 
6  6 0 
6  6 0 
6  5 0 
6  5 1 
6  5 1 
6  6 0 
6  6 0 
6  5 1 
6  5 1 
6  6 0 
6  6 1 
6  6 0 
7  4 1 
7  4 1 
7  5 1 
7  5 1 
7  6 1 
7  6 0 
7  6 0 
7  5 1 
7  5 1 
7  6 0 
7  6 1 
7  6 0 
7  6 0 
7  5 1 
7  5 1 
7  6 1 
8  4 1 
8  4 1 
8  5 0 
8  5 1 
8  5 1 
8  6 0 
8  6 0 
8  5 1 
8  5 1 
8  6 0 
8  6 1 
8  6 0 
8  6 0 
8  5 1 
8  5 1 
8  6 1 
9  4 1 
9  4 1 
9  5 1 
9  5 1 
9  6 1 
9  6 0 
9  6 0 
9  5 1 
9  5 1 
9  6 0 
9  6 0 
9  5 1 
9  5 1 
9  6 0 
9  6 0 
9  5 1 
10  4 1 
10  4 1 
10  5 1 
10  5 1 
10  6 0 
10  6 0 
10  5 1 
10  5 1 
10  6 1 
10  6 1 
10  7 0 
10  7 0 
10  6 1 
10  6 0 
10  6 0 
10  5 1 
11  4 1 
11  4 1 
11  5 1 
11  5 1 
11  6 1 
11  6 1 
11  7 0 
11  7 0 
11  6 0 
11  6 1 
11  6 0 
11  6 0 
11  5 1 
11  5 1 
11  6 0 
11  6 0 
12  4 1 
12  4 1 
12  5 1 
12  5 1 
12  6 0 
12  6 0 
12  5 1 
12  5 1 
12  6 0 
12  6 0 
12  5 1 
12  5 1 
12  6 0 
12  6 0 
12  5 1 
12  5 1 
13  4 1 
13  4 1 
13  5 1 
13  5 1 
13  6 0 
13  6 0 
13  5 1 
13  5 0 
13  5 1 
13  5 1 
13  6 1 
13  6 0 
13  6 0 
13  5 1 
13  5 1 
13  6 1 
14  4 1 
14  4 1 
14  5 1 
14  5 1 
14  6 1 
14  6 1 
14  7 0 
14  7 0 
14  6 1 
14  6 0 
14  6 1 
14  6 1 
14  7 0 
14  7 0 
14  6 0 
14  6 1 
15  4 1 
15  4 1 
15  5 1 
15  5 1 
15  6 0 
15  6 0 
15  5 1 
15  5 1 
15  6 1 
15  6 0 
15  6 0 
15  5 0 
15  5 1 
15  5 1 
15  6 1 
15  6 1 
16  4 1 
16  4 1 
16  5 1 
16  5 1 
16  6 0 
16  6 1 
16  6 1 
16  7 1 
16  7 0 
16  7 0 
16  6 0 
16  6 1 
16  6 0 
16  6 1 
16  6 1 
16  7 0 
17  4 1 
17  4 1 
17  5 1 
17  5 1 
17  6 1 
17  6 1 
17  7 0 
17  7 1 
17  7 0 
17  7 1 
17  7 0 
17  7 1 
17  7 0 
17  7 0 
17  6 1 
17  6 1 
18  4 1 
18  4 1 
18  5 1 
18  5 1 
18  6 1 
18  6 1 
18  7 0 
18  7 0 
18  6 1 
18  6 1 
18  7 0 
18  7 0 
18  6 1 
18  6 1 
18  7 0 
18  7 0 
19  4 1 
19  4 1 
19  5 1 
19  5 1 
19  6 1 
19  6 1 
19  7 0 
19  7 1 
19  7 1 
19  8 0 
19  8 0 
19  7 1 
19  7 1 
19  8 0 
19  8 0 
19  7 1 
20  4 1 
20  4 1 
20  5 1 
20  5 1 
20  6 1 
20  6 1 
20  7 1 
20  7 1 
20  8 0 
20  8 0 
20  7 1 
20  7 1 
20  8 1 
20  8 1 
20  9 0 
20  9 1 
1  4 0 
1  4 1 
1  4 1 
1  5 1 
1  5 0 
1  5 1 
1  5 0 
1  5 1 
1  5 0 
1  5 1 
1  5 1 
1  6 0 
1  6 0 
1  5 1 
1  5 0 
1  5 0 
2  4 1 
2  4 1 
2  5 1 
2  5 0 
2  5 0 
2  4 1 
2  4 1 
2  5 1 
2  5 0 
2  5 0 
2  4 1 
2  4 1 
2  5 0 
2  5 1 
2  5 0 
2  5 1 
3  4 1 
3  4 1 
3  5 0 
3  5 0 
3  4 1 
3  4 1 
3  5 1 
3  5 0 
3  5 0 
3  4 1 
3  4 1 
3  5 0 
3  5 0 
3  4 1 
3  4 1 
3  5 0 
4  4 1 
4  4 1 
4  5 1 
4  5 1 
4  6 0 
4  6 0 
4  5 1 
4  5 0 
4  5 0 
4  4 1 
4  4 1 
4  5 1 
4  5 0 
4  5 1 
4  5 0 
4  5 0 
5  4 1 
5  4 1 
5  5 0 
5  5 0 
5  4 1 
5  4 1 
5  5 0 
5  5 0 
5  4 1 
5  4 1 
5  5 0 
5  5 1 
5  5 0 
5  5 1 
5  5 1 
5  6 1 
6  4 1 
6  4 1 
6  5 1 
6  5 1 
6  6 0 
6  6 0 
6  5 1 
6  5 1 
6  6 0 
6  6 1 
6  6 0 
6  6 0 
6  5 1 
6  5 1 
6  6 0 
6  6 0 
7  4 1 
7  4 1 
7  5 1 
7  5 1 
7  6 0 
7  6 0 
7  5 1 
7  5 1 
7  6 0 
7  6 0 
7  5 1 
7  5 0 
7  5 1 
7  5 1 
7  6 0 
7  6 0 
8  4 1 
8  4 1 
8  5 1 
8  5 1 
8  6 0 
8  6 1 
8  6 0 
8  6 1 
8  6 0 
8  6 1 
8  6 0 
8  6 0 
8  5 1 
8  5 1 
8  6 0 
8  6 0 
9  4 1 
9  4 1 
9  5 1 
9  5 1 
9  6 0 
9  6 1 
9  6 1 
9  7 0 
9  7 0 
9  6 0 
9  6 1 
9  6 1 
9  7 0 
9  7 0 
9  6 0 
9  6 1 
10  4 1 
10  4 1 
10  5 1 
10  5 1 
10  6 1 
10  6 1 
10  7 0 
10  7 0 
10  6 0 
10  6 0 
10  5 1 
10  5 1 
10  6 0 
10  6 0 
10  5 1 
10  5 1 
11  4 1 
11  4 1 
11  5 1 
11  5 1 
11  6 0 
11  6 0 
11  5 0 
11  5 1 
11  5 1 
11  6 0 
11  6 1 
11  6 1 
11  7 0 
11  7 0 
11  6 0 
11  6 1 
12  4 1 
12  4 1 
12  5 1 
12  5 1 
12  6 1 
12  6 0 
12  6 1 
12  6 0 
12  6 1 
12  6 0 
12  6 0 
12  5 1 
12  5 0 
12  5 1 
12  5 1 
12  6 0 
13  4 1 
13  4 1 
13  5 0 
13  5 1 
13  5 1 
13  6 1 
13  6 1 
13  7 0 
13  7 0 
13  6 0 
13  6 0 
13  5 1 
13  5 1 
13  6 0 
13  6 0 
13  5 1 
14  4 1 
14  4 1 
14  5 1 
14  5 1 
14  6 1 
14  6 1 
14  7 0 
14  7 0 
14  6 0 
14  6 0 
14  5 1 
14  5 1 
14  6 1 
14  6 1 
14  7 0 
14  7 0 
15  4 1 
15  4 1 
15  5 1 
15  5 1 
15  6 1 
15  6 0 
15  6 0 
15  5 1 
15  5 1 
15  6 0 
15  6 0 
15  5 1 
15  5 1 
15  6 0 
15  6 0 
15  5 1 
16  4 1 
16  4 1 
16  5 1 
16  5 1 
16  6 0 
16  6 1 
16  6 0 
16  6 0 
16  5 1 
16  5 1 
16  6 0 
16  6 1 
16  6 1 
16  7 0 
16  7 0 
16  6 1 
17  4 1 
17  4 1 
17  5 1 
17  5 1 
17  6 1 
17  6 0 
17  6 1 
17  6 1 
17  7 0 
17  7 0 
17  6 1 
17  6 0 
17  6 1 
17  6 0 
17  6 0 
17  5 1 
18  4 1 
18  4 1 
18  5 1 
18  5 1 
18  6 0 
18  6 1 
18  6 0 
18  6 1 
18  6 1 
18  7 1 
18  7 1 
18  8 0 
18  8 0 
18  7 0 
18  7 0 
18  6 1 
19  4 1 
19  4 1 
19  5 1 
19  5 1 
19  6 1 
19  6 0 
19  6 1 
19  6 1 
19  7 0 
19  7 1 
19  7 0 
19  7 0 
19  6 0 
19  6 1 
19  6 1 
19  7 0 
20  4 1 
20  4 1 
20  5 1 
20  5 1 
20  6 1 
20  6 1 
20  7 0 
20  7 1 
20  7 1 
20  8 0 
20  8 0 
20  7 1 
20  7 1 
20  8 0 
20  8 0 
20  7 1 
1  4 0 
1  4 1 
1  4 1 
1  5 0 
1  5 0 
1  4 1 
1  4 1 
1  5 0 
1  5 0 
1  4 1 
1  4 1 
1  5 1 
1  5 1 
1  6 0 
1  6 0 
1  5 1 
2  4 1 
2  4 1 
2  5 0 
2  5 1 
2  5 0 
2  5 0 
2  4 1 
2  4 1 
2  5 0 
2  5 0 
2  4 1 
2  4 1 
2  5 1 
2  5 1 
2  6 0 
2  6 0 
3  4 1 
3  4 1 
3  5 0 
3  5 1 
3  5 1 
3  6 0 
3  6 0 
3  5 0 
3  5 0 
3  4 0 
3  4 1 
3  4 1 
3  5 0 
3  5 0 
3  4 1 
3  4 1 
4  4 1 
4  4 1 
4  5 0 
4  5 0 
4  4 1 
4  4 1 
4  5 1 
4  5 0 
4  5 0 
4  4 1 
4  4 1 
4  5 1 
4  5 0 
4  5 0 
4  4 1 
4  4 1 
5  4 1 
5  4 1 
5  5 0 
5  5 1 
5  5 1 
5  6 1 
5  6 0 
5  6 0 
5  5 1 
5  5 1 
5  6 0 
5  6 0 
5  5 1 
5  5 1 
5  6 0 
5  6 0 
6  4 1 
6  4 1 
6  5 0 
6  5 1 
6  5 0 
6  5 1 
6  5 1 
6  6 0 
6  6 0 
6  5 1 
6  5 1 
6  6 1 
6  6 0 
6  6 0 
6  5 1 
6  5 0 
7  4 1 
7  4 1 
7  5 1 
7  5 1 
7  6 1 
7  6 0 
7  6 0 
7  5 1 
7  5 1 
7  6 0 
7  6 1 
7  6 0 
7  6 1 
7  6 0 
7  6 0 
7  5 0 
8  4 1 
8  4 1 
8  5 1 
8  5 1 
8  6 0 
8  6 0 
8  5 0 
8  5 1 
8  5 1 
8  6 1 
8  6 1 
8  7 0 
8  7 0 
8  6 1 
8  6 0 
8  6 0 
9  4 1 
9  4 1 
9  5 1 
9  5 1 
9  6 1 
9  6 1 
9  7 0 
9  7 0 
9  6 0 
9  6 1 
9  6 1 
9  7 0 
9  7 0 
9  6 0 
9  6 0 
9  5 1 
10  4 1 
10  4 1 
10  5 1 
10  5 1 
10  6 0 
10  6 0 
10  5 1 
10  5 1 
10  6 0 
10  6 0 
10  5 1 
10  5 1 
10  6 1 
10  6 1 
10  7 0 
10  7 0 
11  4 1 
11  4 1 
11  5 1 
11  5 1 
11  6 0 
11  6 0 
11  5 1 
11  5 1 
11  6 0 
11  6 0 
11  5 1 
11  5 1 
11  6 0 
11  6 1 
11  6 0 
11  6 1 
12  4 1 
12  4 1 
12  5 0 
12  5 0 
12  4 1 
12  4 1 
12  5 1 
12  5 1 
12  6 0 
12  6 0 
12  5 1 
12  5 1 
12  6 0 
12  6 0 
12  5 1 
12  5 1 
13  4 1 
13  4 1 
13  5 1 
13  5 1 
13  6 0 
13  6 1 
13  6 1 
13  7 0 
13  7 0 
13  6 0 
13  6 1 
13  6 0 
13  6 1 
13  6 1 
13  7 0 
13  7 0 
14  4 1 
14  4 1 
14  5 1 
14  5 1 
14  6 0 
14  6 0 
14  5 1 
14  5 1 
14  6 0 
14  6 1 
14  6 0 
14  6 0 
14  5 1 
14  5 1 
14  6 1 
14  6 0 
15  4 1 
15  4 1 
15  5 1 
15  5 1 
15  6 1 
15  6 0 
15  6 0 
15  5 1 
15  5 1 
15  6 1 
15  6 1 
15  7 0 
15  7 0 
15  6 1 
15  6 0 
15  6 0 
16  4 1 
16  4 1 
16  5 1 
16  5 1 
16  6 0 
16  6 1 
16  6 0 
16  6 0 
16  5 1 
16  5 1 
16  6 1 
16  6 0 
16  6 1 
16  6 0 
16  6 1 
16  6 1 
17  4 1 
17  4 1 
17  5 1 
17  5 1 
17  6 0 
17  6 1 
17  6 0 
17  6 1 
17  6 0 
17  6 1 
17  6 0 
17  6 1 
17  6 0 
17  6 1 
17  6 1 
17  7 0 
18  4 1 
18  4 1 
18  5 1 
18  5 1 
18  6 0 
18  6 1 
18  6 1 
18  7 1 
18  7 1 
18  8 0 
18  8 0 
18  7 0 
18  7 0 
18  6 1 
18  6 0 
18  6 1 
19  4 1 
19  4 1 
19  5 1 
19  5 1 
19  6 1 
19  6 1 
19  7 1 
19  7 0 
19  7 0 
19  6 1 
19  6 1 
19  7 1 
19  7 1 
19  8 0 
19  8 0 
19  7 1 
20  4 1 
20  4 1 
20  5 1 
20  5 1 
20  6 1 
20  6 1 
20  7 0 
20  7 0 
20  6 0 
20  6 1 
20  6 1 
20  7 1 
20  7 1 
20  8 0 
20  8 0 
20  7 1 
1  4 0 
1  4 1 
1  4 0 
1  4 0 
1  3 1 
1  3 1 
1  4 1 
1  4 1 
1  5 0 
1  5 0 
1  4 1 
1  4 1 
1  5 1 
1  5 0 
1  5 0 
1  4 1 
2  4 1 
2  4 1 
2  5 0 
2  5 0 
2  4 1 
2  4 1 
2  5 0 
2  5 0 
2  4 1 
2  4 1 
2  5 0 
2  5 0 
2  4 0 
2  4 0 
2  3 1 
2  3 1 
3  4 1 
3  4 1 
3  5 0 
3  5 0 
3  4 1 
3  4 1 
3  5 1 
3  5 0 
3  5 0 
3  4 1 
3  4 1 
3  5 0 
3  5 0 
3  4 1 
3  4 1 
3  5 1 
4  4 0 
4  4 1 
4  4 1 
4  5 0 
4  5 0 
4  4 1 
4  4 1 
4  5 0 
4  5 0 
4  4 1 
4  4 1 
4  5 1 
4  5 1 
4  6 0 
4  6 0 
4  5 1 
5  4 1 
5  4 1 
5  5 0 
5  5 1 
5  5 1 
5  6 0 
5  6 0 
5  5 0 
5  5 0 
5  4 1 
5  4 1 
5  5 0 
5  5 0 
5  4 1 
5  4 1 
5  5 1 
6  4 1 
6  4 1 
6  5 1 
6  5 1 
6  6 1 
6  6 1 
6  7 0 
6  7 0 
6  6 1 
6  6 0 
6  6 0 
6  5 1 
6  5 1 
6  6 0 
6  6 0 
6  5 1 
7  4 0 
7  4 1 
7  4 1 
7  5 0 
7  5 1 
7  5 1 
7  6 0 
7  6 0 
7  5 1 
7  5 1 
7  6 0 
7  6 0 
7  5 1 
7  5 1 
7  6 0 
7  6 0 
8  4 1 
8  4 1 
8  5 1 
8  5 1 
8  6 0 
8  6 0 
8  5 1 
8  5 1 
8  6 0 
8  6 1 
8  6 1 
8  7 0 
8  7 0 
8  6 0 
8  6 0 
8  5 1 
9  4 1 
9  4 1 
9  5 1 
9  5 1 
9  6 0 
9  6 1 
9  6 0 
9  6 0 
9  5 1 
9  5 1 
9  6 0 
9  6 0 
9  5 1 
9  5 1 
9  6 0 
9  6 0 
10  4 1 
10  4 1 
10  5 0 
10  5 1 
10  5 1 
10  6 0 
10  6 0 
10  5 1 
10  5 1 
10  6 0 
10  6 0 
10  5 1 
10  5 1 
10  6 1 
10  6 0 
10  6 0 
11  4 1 
11  4 1 
11  5 1 
11  5 1 
11  6 1 
11  6 0 
11  6 0 
11  5 1 
11  5 1 
11  6 0 
11  6 0 
11  5 1 
11  5 1 
11  6 0 
11  6 0 
11  5 1 
12  4 1 
12  4 1 
12  5 1 
12  5 1 
12  6 1 
12  6 0 
12  6 0 
12  5 1 
12  5 1 
12  6 0 
12  6 1 
12  6 0 
12  6 0 
12  5 1 
12  5 1 
12  6 1 
13  4 1 
13  4 1 
13  5 1 
13  5 0 
13  5 0 
13  4 1 
13  4 1 
13  5 1 
13  5 1 
13  6 0 
13  6 1 
13  6 0 
13  6 0 
13  5 1 
13  5 1 
13  6 1 
14  4 1 
14  4 1 
14  5 1 
14  5 1 
14  6 1 
14  6 1 
14  7 0 
14  7 0 
14  6 0 
14  6 0 
14  5 1 
14  5 1 
14  6 1 
14  6 0 
14  6 0 
14  5 1 
15  4 1 
15  4 1 
15  5 1 
15  5 1 
15  6 1 
15  6 0 
15  6 0 
15  5 1 
15  5 1 
15  6 1 
15  6 1 
15  7 0 
15  7 0 
15  6 1 
15  6 0 
15  6 0 
16  4 1 
16  4 1 
16  5 0 
16  5 0 
16  4 1 
16  4 1 
16  5 1 
16  5 1 
16  6 1 
16  6 1 
16  7 1 
16  7 0 
16  7 0 
16  6 1 
16  6 1 
16  7 0 
17  4 1 
17  4 1 
17  5 1 
17  5 1 
17  6 0 
17  6 0 
17  5 1 
17  5 1 
17  6 1 
17  6 0 
17  6 1 
17  6 0 
17  6 0 
17  5 1 
17  5 1 
17  6 0 
18  4 1 
18  4 1 
18  5 1 
18  5 1 
18  6 0 
18  6 1 
18  6 1 
18  7 0 
18  7 1 
18  7 1 
18  8 0 
18  8 0 
18  7 0 
18  7 0 
18  6 0 
18  6 0 
19  4 1 
19  4 1 
19  5 1 
19  5 1 
19  6 1 
19  6 1 
19  7 1 
19  7 1 
19  8 0 
19  8 0 
19  7 0 
19  7 1 
19  7 0 
19  7 0 
19  6 1 
19  6 0 
20  4 1 
20  4 1 
20  5 1 
20  5 1 
20  6 1 
20  6 1 
20  7 0 
20  7 0 
20  6 1 
20  6 1 
20  7 1 
20  7 1 
20  8 1 
20  8 0 
20  8 0 
20  7 1 
